[general]
wd = C:/Users/SimoesLabAdmin/Documents/DeepDiveR/deepdive_project_main_branch_runs/temnospondyli
time_bins = 110.8 91.1 84.5 74 65.3 60.5 53 48 43 38 28 18 9 0
n_regions = 4
autotune = FALSE
present_diversity = NA
simulate = TRUE
model_training = TRUE
empirical_predictions = TRUE

[simulations]
sim_name = simulations
n_cpus = 1
n_training_simulations = 10000
training_seed = 123
test_seed = 432
n_test_simulations = 1000
s_species = 1
total_sp = 168 7180
root_r = 88.64 110.8
min_extinct_sp = 0
extant_sp = 0
rangel = 0.02 0.5
rangem = 0.02 0.5
log_uniform_rates = FALSE
p_mass_extinction = 0.01
fixed_mass_extinction = NA
magnitude_mass_ext = 0.5 1
p_equilibrium = 0.01
p_constant_bd = 0.01
p_mass_speciation = 0.01
p_dd_model = 0.05
dd_k = 14 420
dd_maxl = 1
pr_extant_clade = 0
poil = 4
poim = 4
scale = 10
vectorize = TRUE
eta = 1 1.75
p_gap = 0 0.2692307692307692
dispersal_rate = None
max_dist = 1
disp_rate_mean = 0.04411808235337647 1.1029520588344117
disp_rate_variance = 1
region_mean = 5.576923076923077
region_variance = 74.20562130177514
size_concentration_parameter = 0.1 3
link_region_size_carrying_capacity = 1 10
p_origination_a_slope_mean = 2
p_origination_a_slope_sd = 0.5
sp_mean = 0.25 0.65632554579923
sp_variance = 2
slope = -0.032619222713511684 0
intercept = 0.6243576498156304 10.015479737268215
sd_through_time = 0.001 0.01
sd_through_time_skyline = 1.0746749919039322
mean_n_epochs_skyline = 4
fraction_skyline_sampling = 0.5
mean_skyline_sampling = 1.025490023839147 2.4117843849590375
maximum_localities_per_bin = 43
species_per_locality_multiplier = 1
singletons_frequency = 0.25704117884070415 0.40789473684210525
sims_folder = temnospondyli_simulations
target_n_occs = 2222.0
target_n_occs_range = 1.2
bin_mean_rates = 0.6931471805599453 0.22314355131420976 1.3217558399823195 1.5040773967762742 1.0986122886681098 1.9459101490553132 2.833213344056216 1.5040773967762742 1.252762968495368 1.252762968495368 1.3217558399823195 1.252762968495368 2.7245795030534206 
bin_std_rates = 1.63592055142012 0.897657346002596 1.0975430495737337 1.7122002085578976 2.032291203280552 1.7374214520195108 2.9708430973355844 1.9734636536659078 2.0856710663764457 1.399041841459528 1.8020570175464607 2.079175512357949 3.12444700951221 
locality_rate_multiplier = 0.9035874439461883 0.16031390134529147 1.8867713004484303 1.0493273542600896 
bin_sampling = 0.67
min_n_occurrences = 222.20000000000002
survive_age_condition = NA

[model_training]
sims_folder = NA
model_folder = temnospondyli_models
lstm_model_1 = 64 32
dense_model_1 = 64 32
dropout = 0
max_epochs = 1000
patience = 10
batch_size = 100
validation_split = 0.2
f = temnospondyli_feature
l = temnospondyli_label

[empirical_predictions]
empirical_input_file = temnospondyli_deepdive_input.csv
model_folder = temnospondyli_models
n_predictions = 1
replicates = 100
output_file = temnospondyli_output

