[general]
wd = C:/Users/SimoesLabAdmin/Documents/DeepDiveR/reptilia/reptilia_2
time_bins = 298.9 290.1 283.5 273 264.3 259.5 252 247 242 237 227 217 199.3
n_areas = 2
autotune = FALSE
present_diversity = 0

[simulations]
sim_name = simulations
n_cpus = 1
n_training_simulations = 100
training_seed = 123
test_seed = 432
n_test_simulations = 10
s_species = 1
total_sp = 458 17500
root_r = 278.98 298.9
min_extinct_sp = 0
extant_sp = 0 10000
rangel = 0.02 0.5
rangem = 0.02 0.5
log_uniform_rates = False
p_mass_extinction = 0.01
fixed_mass_extinction = None
magnitude_mass_ext = 0.5 1
p_equilibrium = 0.01
p_constant_bd = 0.01
p_mass_speciation = 0.01
p_dd_model = 0.05
dd_k = 38 1145
dd_maxl = 1
pr_extant_clade = 0.7
poil = 4
poim = 4
scale = 10
vectorize = True
eta = 1 1.75
p_gap = 0 0.0
dispersal_rate = None
max_dist = 1
disp_rate_mean = 0.08040387193768837 2.010096798442209
disp_rate_variance = 1
area_mean = 21.458333333333332
area_variance = 355.2482638888889
size_concentration_parameter = 0.1 3
link_area_size_carrying_capacity = 1 10
p_origination_a_slope_mean = 2
p_origination_a_slope_sd = 0.5
sp_mean = 0.25 0.6528564537998972
sp_variance = 2
slope = -0.08150954646505518 0
intercept = 4911.133211165703 1126324.721968407
sd_through_time = 0.001 0.01
sd_through_time_skyline = 0.9821185376066208
mean_n_epochs_skyline = 4
fraction_skyline_sampling = 0.75
mean_skyline_sampling = 2.372965889755845 3.7592602508757356
maximum_localities_per_bin = 71
species_per_locality_multiplier = 1
singletons_frequency = 0.31081177108439373 0.5
sims_folder = reptilia_1_simulations
survive_age_condition = 199.3
target_n_occs = 4247.0
target_n_occs_range = 1.2
bin_mean_rates = 3.9889840465642745 2.8903717578961645 3.2188758248682006 3.2386784521643803 3.8607297110405954 3.6375861597263857 3.1780538303479458 2.0149030205422647 1.7047480922384253 1.0986122886681098 2.0149030205422647 0.6931471805599453 
bin_std_rates = 0.10919929196499156 0.10536051565782634 0.38946476676172326 1.024504316514388 1.0577902941478547 0.4700036292457357 0.5224172708853042 0.35667494393873267 0.15415067982725827 0.5108256237659905 0.8754687373539002 0.6931471805599453 
locality_rate_multiplier = 1.1844660194174756 0.8155339805825241 
bin_sampling = 0.67
min_n_occurrences = 424.70000000000005

[model_training]
sims_folder = reptilia_1_simulations
model_folder = reptilia_1_models
lstm_layers = 64 32
dense_layer = 64 32
dropout = 0
max_epochs = 1000
patience = 10
batch_size = 100
validation_split = 0.2
f = reptilia_1_feature
l = reptilia_1_label

[empirical_predictions]
empirical_input_file = reptilia_deepdive_input.csv
model_folder = reptilia_1_models
n_predictions = 1
replicates = 100
output_file = reptilia_1_output

