[general]
wd = C:/Users/SimoesLabAdmin/Documents/DeepDiveR/reptilia/reptilia_2
time_bins = 99.6 90.8 84.2 73.7 65 60.2 52.7 47.7 42.7 37.7 27.7 17.7 0
n_areas = 2
autotune = FALSE
present_diversity = 0

[simulations]
sim_name = simulations
n_cpus = 1
n_training_simulations = 100
training_seed = 123
test_seed = 432
n_test_simulations = 10
s_species = 1
total_sp = 434 17360
root_r = 79.68 99.6
min_extinct_sp = 0
extant_sp = 0 10000
rangel = 0.02 0.5
rangem = 0.02 0.5
log_uniform_rates = FALSE
p_mass_extinction = 0.01
fixed_mass_extinction = NA
magnitude_mass_ext = 0.5 1
p_equilibrium = 0.01
p_constant_bd = 0.01
p_mass_speciation = 0.01
p_dd_model = 0.05
dd_k = 38 1085
dd_maxl = 1
pr_extant_clade = 0.7
poil = 4
poim = 4
scale = 10
vectorize = TRUE
eta = 1 1.75
p_gap = 0 0.4583333333333333
dispersal_rate = None
max_dist = 1
disp_rate_mean = 0.00906637804486028 0.22665945112150698
disp_rate_variance = 1
area_mean = 16.375
area_variance = 617.6510416666666
size_concentration_parameter = 0.1 3
link_area_size_carrying_capacity = 1 10
p_origination_a_slope_mean = 2
p_origination_a_slope_sd = 0.5
sp_mean = 0.25 0.6546872593571897
sp_variance = 2
slope = -0.06545932009121011 0
intercept = 0.6303337090680124 302.9831555252339
sd_through_time = 0.001 0.01
sd_through_time_skyline = 1.6834855908697095
mean_n_epochs_skyline = 4
fraction_skyline_sampling = 0.75
mean_skyline_sampling = 2.1026086009613705 3.488902962081261
maximum_localities_per_bin = 80
species_per_locality_multiplier = 1
singletons_frequency = 0.30986856629358445 0.5
sims_folder = reptilia_1_TEST_simulations
survive_age_condition = 0.0
target_n_occs = 4247.0
target_n_occs_range = 1.2
bin_mean_rates = 3.6888794541139363 2.4423470353692043 2.8622008809294686 2.995732273553991 3.6635616461296463 3.4339872044851463 2.8622008809294686 1.8718021769015913 1.5040773967762742 0.4054651081081644 1.7047480922384253 0.6931471805599453 
bin_std_rates = 4.394449154672439 2.4423470353692043 3.58351893845611 3.713572066704308 4.3694478524670215 4.143134726391533 3.58351893845611 2.6390573296152584 2.302585092994046 1.3862943611198906 2.4849066497880004 1.6094379124341003 
locality_rate_multiplier = 1.9405940594059405 0.05940594059405941 
bin_sampling = 0.67
min_n_occurrences = 424.70000000000005

[model_training]
sims_folder = reptilia_1_TEST_simulations
model_folder = reptilia_1_TEST_models
lstm_layers = 64 32
dense_layer = 64 32
dropout = 0
max_epochs = 1000
patience = 10
batch_size = 100
validation_split = 0.2
f = reptilia_1_TEST_feature
l = reptilia_1_TEST_label

[empirical_predictions]
empirical_input_file = reptilia_deepdive_input_TEST.csv
model_folder = reptilia_1_TEST_models
n_predictions = 1
replicates = 100
output_file = reptilia_1_TEST_output

