[general]
wd = reptilia
time_bins = 298.9 290.1 283.5 273 264.3 259.5 252 247 242 237 227 217 199.3
n_areas = 1
autotune = FALSE
present_diversity = 0

[simulations]
sim_name = simulations
n_cpus = 1
n_training_simulations = 10000
training_seed = 123
test_seed = 432
n_test_simulations = 100
s_species = 1
total_sp = 518 16920
root_r = 278.98 298.9
min_extinct_sp = 0
extant_sp = 0 0
rangel = 0.02 0.5
rangem = 0.02 0.5
log_uniform_rates = FALSE
p_mass_extinction = 0.01
fixed_mass_extinction = NA
magnitude_mass_ext = 0.5 1
p_equilibrium = 0.01
p_constant_bd = 0.01
p_mass_speciation = 0.01
p_dd_model = 0.05
dd_k = 38 1295
dd_maxl = 1
pr_extant_clade = 0
poil = 4
poim = 4
scale = 10
vectorize = TRUE
eta = 1 1.75
p_gap = 0 0.0
dispersal_rate = None
max_dist = 1
disp_rate_mean = 0.009260202009463536 0.2315050502365884
disp_rate_variance = 1
area_mean = 33.166666666666664
area_variance = 747.9722222222223
size_concentration_parameter = 0.1 3
link_area_size_carrying_capacity = 1 10
p_origination_a_slope_mean = 2
p_origination_a_slope_sd = 0.5
sp_mean = 0.19662921348314608 0.6385518689663564
sp_variance = 2
slope = -0.06503847001792559 0
intercept = 49376.0359568127 197504.1438272508
sd_through_time = 0.001 0.01
sd_through_time_skyline = 0.9843159913086954
mean_n_epochs_skyline = 4
fraction_skyline_sampling = 0.75
mean_skyline_sampling = 2.808398174936492 4.194692536056382
maximum_localities_per_bin = 85
species_per_locality_multiplier = 1
singletons_frequency = 0.30588888337850656 0.5
sims_folder = reptilia_1_simulations
target_n_occs = 4271.0
target_n_occs_range = 1.2
bin_mean_rates = 4.442651256490317 2.9444389791664403 3.6109179126442243 3.7612001156935624 4.3694478524670215 4.0943445622221 3.4965075614664802 2.6390573296152584 2.302585092994046 1.0986122886681098 2.3978952727983707 1.3862943611198906 
bin_std_rates = nan nan nan nan nan nan nan nan nan nan nan nan 
locality_rate_multiplier = 1.0 
bin_sampling = 0.67
min_n_occurrences = 427.1

[model_training]
sims_folder = reptilia_1_simulations
model_folder = reptilia_1_models
lstm_layers = 64 32
dense_layer = 64 32
dropout = 0
max_epochs = 1000
patience = 10
batch_size = 100
validation_split = 0.2
f = reptilia_1_feature
l = reptilia_1_label

[empirical_predictions]
empirical_input_file = reptilia_deepdive_input.csv
model_folder = reptilia_1_models
n_predictions = 1
replicates = 100
output_file = reptilia_1_output

