[general]
wd = C:/Users/SimoesLabAdmin/Documents/DeepDiveR/deepdive_project_main_branch_runs/dicynodon
time_bins = 99.9 91.1 84.5 74 65.3 60.5 53 48 43 38 28 18 9 0
n_regions = 4
autotune = FALSE
present_diversity = NA
simulate = TRUE
model_training = TRUE
empirical_predictions = TRUE

[simulations]
sim_name = simulations
n_cpus = 1
n_training_simulations = 10000
training_seed = 123
test_seed = 432
n_test_simulations = 1000
s_species = 1
total_sp = 92 2420
root_r = 79.92 99.9
min_extinct_sp = 0
extant_sp = 0
rangel = 0.02 0.5
rangem = 0.02 0.5
log_uniform_rates = FALSE
p_mass_extinction = 0.01
fixed_mass_extinction = NA
magnitude_mass_ext = 0.5 1
p_equilibrium = 0.01
p_constant_bd = 0.01
p_mass_speciation = 0.01
p_dd_model = 0.05
dd_k = 5 230
dd_maxl = 1
pr_extant_clade = 0
poil = 4
poim = 4
scale = 10
vectorize = TRUE
eta = 1 1.75
p_gap = 0 0.4423076923076923
dispersal_rate = None
max_dist = 1
disp_rate_mean = 0.11128429351207823 2.7821073378019556
disp_rate_variance = 1
region_mean = 2.1346153846153846
region_variance = 13.116494082840237
size_concentration_parameter = 0.1 3
link_region_size_carrying_capacity = 1 10
p_origination_a_slope_mean = 2
p_origination_a_slope_sd = 0.5
sp_mean = 0.0 0.6881525589035471
sp_variance = 2
slope = -0.02254545449782135 0
intercept = 0.8305013321117871 7.950426630586238
sd_through_time = 0.001 0.01
sd_through_time_skyline = 0.8134832327408157
mean_n_epochs_skyline = 4
fraction_skyline_sampling = 0.5
mean_skyline_sampling = 0.06513930217096145 1.451433663290852
maximum_localities_per_bin = 22
species_per_locality_multiplier = 1
singletons_frequency = 0.20126811594202895 0.4
sims_folder = dicynodon_simulations
target_n_occs = 1178.0
target_n_occs_range = 1.2
bin_mean_rates = -1.3862943611198906 -0.6931471805599453 0.6931471805599453 0.8109302162163288 0.8109302162163288 1.0986122886681098 1.3862943611198906 2.0794415416798357 1.252762968495368 0.6931471805599453 -1.3862943611198906 -1.3862943611198906 -1.3862943611198906 
bin_std_rates = 1.2153937407735307 0.6931471805599453 1.2611889457275063 1.283082805690066 1.407630895891256 0.5108256237659905 1.2026249829604458 1.74494332059156 1.752353676601398 1.6978569090206652 1.2153937407735307 0.6002830669264718 1.2153937407735307 
locality_rate_multiplier = 1.7396893411890733 0.9448312801285484 0.6555972147830744 0.6598821638993038 
bin_sampling = 0.67
min_n_occurrences = 117.80000000000001
survive_age_condition = NA

[model_training]
sims_folder = NA
model_folder = dicynodon_models
lstm_model_1 = 64 32
dense_model_1 = 64 32
dropout = 0
max_epochs = 1000
patience = 10
batch_size = 100
validation_split = 0.2
f = dicynodon_feature
l = dicynodon_label

[empirical_predictions]
empirical_input_file = dicynodon_deepdive_input.csv
model_folder = dicynodon_models
n_predictions = 1
replicates = 100
output_file = dicynodon_output

