[general]
wd = C:/Users/SimoesLabAdmin/Documents/DeepDiveR/deepdive_project_main_branch_runs/reptilia
time_bins = 99.9 91.1 84.5 74 65.3 60.5 53 48 43 38 28 18 9 0
n_regions = 4
autotune = FALSE
present_diversity = 0
simulate = TRUE
model_training = TRUE
empirical_predictions = TRUE

[simulations]
sim_name = simulations
n_cpus = 1
n_training_simulations = 10000
training_seed = 123
test_seed = 432
n_test_simulations = 1000
s_species = 1
total_sp = 252 17980
root_r = 79.92 99.9
min_extinct_sp = 0
extant_sp = NA
rangel = 0.02 0.5
rangem = 0.02 0.5
log_uniform_rates = FALSE
p_mass_extinction = 0.01
fixed_mass_extinction = NA
magnitude_mass_ext = 0.5 1
p_equilibrium = 0.01
p_constant_bd = 0.01
p_mass_speciation = 0.01
p_dd_model = 0.05
dd_k = 37 725
dd_maxl = 1
pr_extant_clade = 0
poil = 4
poim = 4
scale = 10
vectorize = TRUE
eta = 1 1.75
p_gap = 0 0.17307692307692307
dispersal_rate = None
max_dist = 1
disp_rate_mean = 0.03518335801165913 0.8795839502914782
disp_rate_variance = 1
region_mean = 7.538461538461538
region_variance = 81.47928994082841
size_concentration_parameter = 0.1 3
link_region_size_carrying_capacity = 1 10
p_origination_a_slope_mean = 2
p_origination_a_slope_sd = 0.5
sp_mean = 0.25 0.6540570391263175
sp_variance = 2
slope = -0.06075073549455372 0
intercept = 2.469775104998809 107.40241114891408
sd_through_time = 0.001 0.01
sd_through_time_skyline = 1.0889672830856152
mean_n_epochs_skyline = 4
fraction_skyline_sampling = 0.5
mean_skyline_sampling = 1.32687094064909 2.7131653017689805
maximum_localities_per_bin = 40
species_per_locality_multiplier = 1
singletons_frequency = 0.3073382373359435 0.5
sims_folder = reptilia_simulations
target_n_occs = 4247.0
target_n_occs_range = 1.2
bin_mean_rates = 2.4849066497880004 2.0149030205422647 1.791759469228055 2.169053700369523 2.3978952727983707 2.9575110607337933 2.7245795030534206 2.1102132003465894 1.1786549963416462 0.8109302162163288 -0.2876820724517809 1.0116009116784799 0.0 
bin_std_rates = 2.2728594613988515 1.3489286389784607 1.989731614579387 1.2458922648175206 1.941032525229425 1.08642739777328 1.0910594842923227 2.298453435909685 2.0148894200263703 1.084924555637393 0.9406388657921185 1.5928588722937882 1.1494545612050326 
locality_rate_multiplier = 0.9867374005305041 0.583554376657825 1.7506631299734747 0.6790450928381963 
bin_sampling = 0.67
min_n_occurrences = 424.70000000000005
survive_age_condition = 0.0

[model_training]
sims_folder = NA
model_folder = reptilia_models
lstm_model_1 = 64 32
dense_model_1 = 64 32
dropout = 0
max_epochs = 1000
patience = 10
batch_size = 100
validation_split = 0.2
f = reptilia_feature
l = reptilia_label

[empirical_predictions]
empirical_input_file = reptilia_deepdive_input.csv
model_folder = reptilia_models
n_predictions = 1
replicates = 100
output_file = reptilia_output

