[general]
wd = .\updated_occurrences\synapsida\
time_bins = 99.9 91.1 84.5 75.4 65.3 60.5 53 47.7 43 38 28 18 9 0
n_regions = 4
autotune = FALSE
present_diversity = NA
simulate = TRUE
model_training = TRUE
empirical_predictions = TRUE

[simulations]
sim_name = simulations
n_cpus = 1
n_training_simulations = 10000
training_seed = 123
test_seed = 432
n_test_simulations = 1000
s_species = 1
total_sp = 294 11200
root_r = 79.92 99.9
min_extinct_sp = 0
extant_sp = 0
rangel = 0.02 0.5
rangem = 0.02 0.5
log_uniform_rates = FALSE
p_mass_extinction = 0.02
fixed_mass_extinction = NA
magnitude_mass_ext = 0.5 1
p_equilibrium = 0.01
p_constant_bd = 0.01
p_mass_speciation = 0.01
p_dd_model = 0.05
dd_k = 21 735
dd_maxl = 1
pr_extant_clade = 0
poil = 4
poim = 4
scale = 10
vectorize = TRUE
eta = 1 1.75
p_gap = 0 0.34615384615384615
dispersal_rate = None
max_dist = 1
disp_rate_mean = 0.030057109636125623 0.7514277409031406
disp_rate_variance = 1
region_mean = 3.980769230769231
region_variance = 24.557322485207106
size_concentration_parameter = 0.1 3
link_region_size_carrying_capacity = 1 10
p_origination_a_slope_mean = 2
p_origination_a_slope_sd = 0.5
sp_mean = 0.26 0.6144546331966585
sp_variance = 2
slope = -0.023680075829511506 0
intercept = 0.6608340065459823 11.395275960829197
sd_through_time = 0.001 0.01
sd_through_time_skyline = 0.98724916868764
mean_n_epochs_skyline = 4
fraction_skyline_sampling = 0.5
mean_skyline_sampling = 0.6883278941239964 2.074622255243887
maximum_localities_per_bin = 24
species_per_locality_multiplier = 1
singletons_frequency = 0.36557623275066004 0.48
sims_folder = syn_simulations
target_n_occs = 3181.0
target_n_occs_range = 1.2
bin_mean_rates = 0.5596157879354227 0.4054651081081644 0.4054651081081644 1.3217558399823195 1.0116009116784799 1.6582280766035324 1.8325814637483102 2.327277705584417 1.791759469228055 1.55814461804655 0.6931471805599453 1.0986122886681098 1.0986122886681098 
bin_std_rates = 1.5892965188616215 1.4013762456493926 1.4013762456493926 1.6800359974299501 1.5499242141443583 1.444373223777695 2.027515960047855 2.365656163985559 2.564299696135598 1.6056483247637354 1.6146849581555824 1.9481828480598198 1.9481828480598198 
locality_rate_multiplier = 1.77035681610247 0.7246111619396157 0.9194876486733758 0.5855443732845379 
bin_sampling = 0.67
min_n_occurrences = 636
survive_age_condition = NA

[model_training]
sims_folder = syn_simulations
model_folder = syn_models
lstm_model_1 = 64 32
dense_model_1 = 64 32
dropout = 0
max_epochs = 1000
patience = 10
batch_size = 100
validation_split = 0.2
f = syn_feature
l = syn_label

[empirical_predictions]
empirical_input_file = syn_deepdive_input.csv
model_folder = syn_models
n_predictions = 1
replicates = 100
output_file = syn_output

