[general]
wd=/Users/CooperR/Documents/GitHub/DeepDiveR/training_and_test_sets
time_bins=66 65 64 63 61.6 60 59.2 58.13333 57.06667 56 54.975 53.95 52.925 51.9 50.875 49.85 48.825 47.8 46.85714 45.91429 44.97143 44.02857 43.08571 42.14286 41.2 40.03667 38.87333 37.71 36.7575 35.805 34.8525 33.9 32.88667 31.87333 30.86 29.84667 28.83333 27.82 26.862 25.904 24.946 23.988 23.03 22.16667 21.30333 20.44 19.3225 18.205 17.0875 15.97 14.895 13.82 12.725 11.63 10.534 9.438 8.342 7.246 6.2895 5.333 4.4665 3.6 2.58 1.8 0.774 0.129 0.0117 0
n_areas=5
autotune=TRUE
include_present_diversity=TRUE
calibrate_diversity=FALSE

[simulations]
sim_name=extant
n_CPUS=1
n_training_simulations=100
training_seed=123
s_species=1
total_sp=100 5000
root_r=52.8 66
min_extinct_sp=0
extant_sp=0 10000
rangeL=0.02 0.5
rangeM=0.02 0.5
log_uniform_rates=FALSE
p_mass_extinction=0.01
magnitude_mass_ext=0.5 1
p_equilibrium=0.01
p_constant_bd=0.01
p_mass_speciation=0.01
p_dd_model=0.05
dd_K=100 1000
dd_maxL=1
pr_extant_clade=1
poiL=4
poiM=4
scale=10
vectorize=TRUE
eta=1 1.75
p_gap=0.01 0.95
dispersal_rate=None
max_dist=1
disp_rate_mean=0 1
disp_rate_variance=1
area_mean=20
area_variance=5
size_concentration_parameter=0.1 3
link_area_size_carrying_capacity=1 10
p_origination_a_slope_mean=2
p_origination_a_slope_sd=0.5
sp_mean=0.1 0.5
sp_variance=2
slope=-0.01 0
intercept=0.1 0.5
sd_through_time=0.001 0.01
sd_through_time_skyline=1
mean_n_epochs_skyline=4
fraction_skyline_sampling=0.5
mean_skyline_sampling=0.1 10
maximum_localities_per_bin=200
species_per_locality_multiplier=1
singletons_frequency=0.1
sims_folder=simulations_extant_con

