[general]
wd = .\updated_occurrences\reptilia_terr\
time_bins = 99.9 91.1 84.5 75.4 65.3 60.5 53 47.7 43 38 28 18 9 0
n_regions = 4
autotune = FALSE
present_diversity = NA
simulate = TRUE
model_training = TRUE
empirical_predictions = TRUE

[simulations]
sim_name = simulations
n_cpus = 1
n_training_simulations = 10000
training_seed = 123
test_seed = 432
n_test_simulations = 1000
s_species = 1
total_sp = 218 13920
root_r = 79.92 99.9
min_extinct_sp = 0
extant_sp = 0
rangel = 0.02 0.5
rangem = 0.02 0.5
log_uniform_rates = FALSE
p_mass_extinction = 0.02
fixed_mass_extinction = NA
magnitude_mass_ext = 0.5 1
p_equilibrium = 0.01
p_constant_bd = 0.01
p_mass_speciation = 0.01
p_dd_model = 0.05
dd_k = 27 560
dd_maxl = 1
pr_extant_clade = 0
poil = 4
poim = 4
scale = 10
vectorize = TRUE
eta = 1 1.75
p_gap = 0 0.17307692307692307
dispersal_rate = None
max_dist = 1
disp_rate_mean = 0.02561531258478829 0.6403828146197071
disp_rate_variance = 1
region_mean = 5.576923076923077
region_variance = 36.20562130177514
size_concentration_parameter = 0.1 3
link_region_size_carrying_capacity = 1 10
p_origination_a_slope_mean = 2
p_origination_a_slope_sd = 0.5
sp_mean = 0.23529411764705882 0.6042017011364992
sp_variance = 2
slope = -0.05044468532565586 0
intercept = 2.203734271751232 67.45844595598868
sd_through_time = 0.001 0.01
sd_through_time_skyline = 0.9752845289183111
mean_n_epochs_skyline = 4
fraction_skyline_sampling = 0.5
mean_skyline_sampling = 1.025490023839147 2.4117843849590375
maximum_localities_per_bin = 23
species_per_locality_multiplier = 1
singletons_frequency = 0.3708239536855545 0.5294117647058824
sims_folder = rep_terr_simulations
target_n_occs = 3135.0
target_n_occs_range = 1.2
bin_mean_rates = 2.0794415416798357 1.8718021769015913 1.5040773967762742 2.0476928433652555 1.8718021769015913 2.4849066497880004 2.327277705584417 2.1400661634962708 1.1786549963416462 1.0116009116784799 -0.2876820724517809 -0.2876820724517809 0.0 
bin_std_rates = 1.8809698180840058 1.438784799282017 1.1771391002998088 1.1121485930271267 1.5385159363488714 1.1119057722769259 1.80490354949495 2.325955773010667 2.0149936495886673 0.9129685497667928 0.9406388657921185 0.9406388657921185 1.1494545612050326 
locality_rate_multiplier = 1.2425028661075244 0.483195559041815 1.624811440294455 0.6494901345562059 
bin_sampling = 0.67
min_n_occurrences = 627
survive_age_condition = NA

[model_training]
sims_folder = rep_terr_simulations
model_folder = rep_terr_models
lstm_model_1 = 64 32
dense_model_1 = 64 32
dropout = 0
max_epochs = 1000
patience = 10
batch_size = 100
validation_split = 0.2
f = rep_terr_feature
l = rep_terr_label

[empirical_predictions]
empirical_input_file = rep_terr_deepdive_input.csv
model_folder = rep_terr_models
n_predictions = 1
replicates = 100
output_file = rep_terr_output

