[general]
wd = C:/Users/SimoesLabAdmin/Documents/DeepDiveR/deepdive_project_main_branch_runs/temnospondyli
time_bins = 110.8 91.1 84.5 74 65.3 60.5 53 48 43 38 28 18 9 0
n_regions = 4
autotune = FALSE
present_diversity = 0
simulate = TRUE
model_training = TRUE
empirical_predictions = TRUE

[simulations]
sim_name = simulations
n_cpus = 1
n_training_simulations = 10000
training_seed = 123
test_seed = 432
n_test_simulations = 1000
s_species = 1
total_sp = 180 6980
root_r = 88.64 110.8
min_extinct_sp = 0
extant_sp = 0 0
rangel = 0.02 0.5
rangem = 0.02 0.5
log_uniform_rates = FALSE
p_mass_extinction = 0.01
fixed_mass_extinction = NA
magnitude_mass_ext = 0.5 1
p_equilibrium = 0.01
p_constant_bd = 0.01
p_mass_speciation = 0.01
p_dd_model = 0.05
dd_k = 14 450
dd_maxl = 1
pr_extant_clade = 0
poil = 4
poim = 4
scale = 1
vectorize = TRUE
eta = 1 1.75
p_gap = 0 0.3076923076923077
dispersal_rate = None
max_dist = 1
disp_rate_mean = 0.04031530862300095 1.0078827155750236
disp_rate_variance = 1
region_mean = 5.576923076923077
region_variance = 75.70562130177514
size_concentration_parameter = 0.1 3
link_region_size_carrying_capacity = 1 10
p_origination_a_slope_mean = 2
p_origination_a_slope_sd = 0.5
sp_mean = 0.26 0.6689384703937198
sp_variance = 2
slope = -0.031824232232817516 0
intercept = 0.6243576498156304 10.733477026043285
sd_through_time = 0.001 0.01
sd_through_time_skyline = 1.0894005815509913
mean_n_epochs_skyline = 4
fraction_skyline_sampling = 0.5
mean_skyline_sampling = 1.025490023839147 2.4117843849590375
maximum_localities_per_bin = 43
species_per_locality_multiplier = 1
singletons_frequency = 0.2649148049148049 0.4189189189189189
sims_folder = temnospondyli_simulations
target_n_occs = 2222.0
target_n_occs_range = 1.2
bin_mean_rates = 0.4054651081081644 0.8109302162163288 1.0986122886681098 1.5040773967762742 1.1786549963416462 1.8325814637483102 2.8763855159214247 1.4469189829363254 1.3217558399823195 1.3862943611198906 1.3217558399823195 1.0986122886681098 2.7245795030534206 
bin_std_rates = 1.465320696962425 1.2361784102289608 0.7900409635638072 1.7122002085578976 2.0989568736621673 1.837368755908488 2.954274796889113 2.249965027950906 2.138224034223506 1.358568181459836 1.7082810371806127 1.9459101490553132 3.448662823816956 
locality_rate_multiplier = 0.9476778365667256 0.15285126396237508 1.798941798941799 1.1005291005291007 
bin_sampling = 0.67
min_n_occurrences = 222.20000000000002
survive_age_condition = 0.0

[model_training]
sims_folder = NA
model_folder = temnospondyli_models
lstm_model_1 = 64 32
dense_model_1 = 64 32
dropout = 0
max_epochs = 1000
patience = 10
batch_size = 100
validation_split = 0.2
f = temnospondyli_feature
l = temnospondyli_label

[empirical_predictions]
empirical_input_file = temnospondyli_deepdive_input.csv
model_folder = temnospondyli_models
n_predictions = 1
replicates = 100
output_file = temnospondyli_output

