[general]
wd = C:/Users/SimoesLabAdmin/Documents/DeepDiveR/deepdive_project_main_branch_runs/temnospondyli
time_bins = 110.8 91.1 84.5 74 65.3 60.5 53 48 43 38 28 18 9 0
n_regions = 4
autotune = FALSE
present_diversity = 0
simulate = TRUE
model_training = TRUE
empirical_predictions = TRUE

[simulations]
sim_name = simulations
n_cpus = 1
n_training_simulations = 10000
training_seed = 123
test_seed = 432
n_test_simulations = 1000
s_species = 1
total_sp = 174 7000
root_r = 88.64 110.8
min_extinct_sp = 0
extant_sp = 0
rangel = 0.02 0.5
rangem = 0.02 0.5
log_uniform_rates = FALSE
p_mass_extinction = 0.01
fixed_mass_extinction = NA
magnitude_mass_ext = 0.5 1
p_equilibrium = 0.01
p_constant_bd = 0.01
p_mass_speciation = 0.01
p_dd_model = 0.05
dd_k = 14 435
dd_maxl = 1
pr_extant_clade = 0
poil = 4
poim = 4
scale = 10
vectorize = TRUE
eta = 1 1.75
p_gap = 0 0.3076923076923077
dispersal_rate = None
max_dist = 1
disp_rate_mean = 0.0441519764975781 1.1037994124394523
disp_rate_variance = 1
region_mean = 5.576923076923077
region_variance = 79.85946745562129
size_concentration_parameter = 0.1 3
link_region_size_carrying_capacity = 1 10
p_origination_a_slope_mean = 2
p_origination_a_slope_sd = 0.5
sp_mean = 0.1875 0.6605418258798454
sp_variance = 2
slope = -0.029250481005986435 0
intercept = 0.6243576498156304 10.334130929453671
sd_through_time = 0.001 0.01
sd_through_time_skyline = 1.0804710208256385
mean_n_epochs_skyline = 4
fraction_skyline_sampling = 0.5
mean_skyline_sampling = 1.025490023839147 2.4117843849590375
maximum_localities_per_bin = 45
species_per_locality_multiplier = 1
singletons_frequency = 0.2662697706432895 0.42028985507246375
sims_folder = temnospondyli_simulations
target_n_occs = 2222.0
target_n_occs_range = 1.2
bin_mean_rates = 0.4054651081081644 0.8109302162163288 1.0116009116784799 1.6094379124341003 1.1786549963416462 1.749199854809259 2.8903717578961645 1.6094379124341003 0.6931471805599453 1.5040773967762742 1.3217558399823195 1.0986122886681098 2.7568403652716422 
bin_std_rates = 1.4013762456493926 1.2361784102289608 0.8030286220374507 1.782609651596788 2.0989568736621673 1.5428015990083777 3.0264127481759866 2.39721502411391 1.6146849581555822 1.3937926075813682 1.665604299365193 1.9549302441277083 3.4811897336137725 
locality_rate_multiplier = 0.9476778365667256 0.15285126396237508 1.798941798941799 1.1005291005291007 
bin_sampling = 0.67
min_n_occurrences = 222.20000000000002
survive_age_condition = 0.0

[model_training]
sims_folder = NA
model_folder = temnospondyli_models
lstm_model_1 = 64 32
dense_model_1 = 64 32
dropout = 0
max_epochs = 1000
patience = 10
batch_size = 100
validation_split = 0.2
f = temnospondyli_feature
l = temnospondyli_label

[empirical_predictions]
empirical_input_file = temnospondyli_deepdive_input.csv
model_folder = temnospondyli_models
n_predictions = 1
replicates = 100
output_file = temnospondyli_output

