[general]
wd = C:/Users/SimoesLabAdmin/Documents/DeepDiveR/deepdive_project_main_branch_runs/synapsida
time_bins = 110.8 91.1 84.5 74 65.3 60.5 53 48 43 38 28 18 9 0
n_regions = 4
autotune = FALSE
present_diversity = NA
simulate = TRUE
model_training = TRUE
empirical_predictions = TRUE

[simulations]
sim_name = simulations
n_cpus = 1
n_training_simulations = 10000
training_seed = 123
test_seed = 432
n_test_simulations = 1000
s_species = 1
total_sp = 308 12680
root_r = 88.64 110.8
min_extinct_sp = 0
extant_sp = 0
rangel = 0.02 0.5
rangem = 0.02 0.5
log_uniform_rates = FALSE
p_mass_extinction = 0.01
fixed_mass_extinction = NA
magnitude_mass_ext = 0.5 1
p_equilibrium = 0.01
p_constant_bd = 0.01
p_mass_speciation = 0.01
p_dd_model = 0.05
dd_k = 25 770
dd_maxl = 1
pr_extant_clade = 0
poil = 4
poim = 4
scale = 10
vectorize = TRUE
eta = 1 1.75
p_gap = 0 0.3076923076923077
dispersal_rate = None
max_dist = 1
disp_rate_mean = 0.031825188605715794 0.7956297151428948
disp_rate_variance = 1
region_mean = 4.846153846153846
region_variance = 35.28402366863905
size_concentration_parameter = 0.1 3
link_region_size_carrying_capacity = 1 10
p_origination_a_slope_mean = 2
p_origination_a_slope_sd = 0.5
sp_mean = 0.21052631578947367 0.6315285468009839
sp_variance = 2
slope = -0.03975691460889274 0
intercept = 0.48023027838679366 19.61159062381503
sd_through_time = 0.001 0.01
sd_through_time_skyline = 1.0342687294050257
mean_n_epochs_skyline = 4
fraction_skyline_sampling = 0.5
mean_skyline_sampling = 0.8850381883700505 2.2713325494899412
maximum_localities_per_bin = 25
species_per_locality_multiplier = 1
singletons_frequency = 0.34586189415275415 0.5789473684210527
sims_folder = synapsida_simulations
target_n_occs = 3353.0
target_n_occs_range = 1.2
bin_mean_rates = 1.0116009116784799 0.4054651081081644 1.0116009116784799 1.791759469228055 1.0116009116784799 1.4469189829363254 1.7047480922384253 2.302585092994046 2.0149030205422647 1.8718021769015913 0.8109302162163288 1.0986122886681098 2.1102132003465894 
bin_std_rates = 1.9600303291304255 1.4013762456493926 1.8720108866951704 2.1017494989605643 1.4167896627424381 1.1108625605338256 1.908964833166763 1.8166620845998172 2.772044971749646 1.6550536720116753 1.3546412082647217 1.9549302441277083 2.842028463558813 
locality_rate_multiplier = 1.5849056603773586 0.6037735849056604 0.9559748427672956 0.8553459119496856 
bin_sampling = 0.67
min_n_occurrences = 335.3
survive_age_condition = NA

[model_training]
sims_folder = NA
model_folder = synapsida_models
lstm_model_1 = 64 32
dense_model_1 = 64 32
dropout = 0
max_epochs = 1000
patience = 10
batch_size = 100
validation_split = 0.2
f = synapsida_feature
l = synapsida_label

[empirical_predictions]
empirical_input_file = synapsida_deepdive_input.csv
model_folder = synapsida_models
n_predictions = 1
replicates = 100
output_file = synapsida_output

